S7055
T1-18.8 m/s-LLT
Freestream speed = 18.800 m/s


 Ctrl        α (°)        β (°)        φ (°)        CL           CD           CD_viscous   CD_induced   CY           Cm           Cm_viscous   Cm_pressure  Cl           Cn           Cn_viscous   Cn_pressure  CL/CD        CL^(3/2)/CD  1/sqrt(CL)   Lift (N)     Drag (N)     Fx_FF (N)    Fy_FF (N)    Fz_FF (N)    Fx_sum (N)   Fy_sum (N)   Fz_sum (N)   Extra drag (N)  Fuse drag (N)  Cf_Fuse      Vx (m/s)     Vz (m/s)     V (m/s)      Gamma        L (N.m)      M (N.m)      N (N.m)      CPx (m)      CPy (m)      CPz (m)      BM (N.m)     m.g.Vz (W)   Drag x V (W)  Efficiency   XCp.Cl       XNP (m)      Phugoid Freq. (Hz)  Phugoid Damping  Short Period Freq. (Hz)  Short Period Damping Ratio  Dutch Roll Freq. (Hz)  Dutch Roll Damping  Roll Damping  Spiral Damping  Mass (kg)    CoG_x (m)    CoG_z (m)    
          0           -5            0            0     -0.10947     0.020435     0.019877   0.00055843            0    -0.053565            0    -0.053565   5.7312e-19   2.1818e-19   1.6032e-19   5.7858e-20      -5.3568      -1.7724            0      -11.721       2.1881     -0.96202            0      -11.682            0            0            0            0            0            0       18.481            0         18.8      -10.574   1.2335e-16      -1.5216   3.6111e-17          nan          nan          nan      -2.6731            0       41.137      0.90608          nan            0            0            0            0            0            0            0            0            0            0            0            0  
          0         -4.8            0            0     -0.09429     0.019848     0.019431   0.00041752            0    -0.056739            0    -0.056739   2.1944e-19   1.4184e-19   1.2323e-19   1.8605e-20      -4.7505      -1.4587            0      -10.096       2.1253     -0.80027            0      -10.064            0            0            0            0            0            0       18.397            0         18.8      -11.887   4.7162e-17      -1.6118   2.6521e-17          nan          nan          nan      -2.3085            0       39.955      0.89911          nan            0            0            0            0            0            0            0            0            0            0            0            0  
          0         -4.6            0            0    -0.080643     0.018706       0.0184   0.00030626            0    -0.059453            0    -0.059453  -4.0683e-20        1e-19   1.0132e-19  -1.3156e-21       -4.311      -1.2242            0      -8.6349        2.003     -0.65982            0      -8.6097            0            0            0            0            0            0       18.314            0         18.8       -13.06  -8.7068e-18      -1.6889   2.2185e-17          nan          nan          nan      -1.9721            0       37.656      0.89661          nan            0            0            0            0            0            0            0            0            0            0            0            0  
          0         -4.4            0            0    -0.066254     0.017906     0.017699    0.0002069            0     -0.06259            0     -0.06259   2.2961e-19   1.1703e-19   9.7966e-20   1.9061e-20      -3.7001     -0.95239            0      -7.0941       1.9173     -0.52217            0      -7.0749            0            0            0            0            0            0       18.149            0         18.8      -15.124   4.9339e-17       -1.778   2.1339e-17          nan          nan          nan      -1.6166            0       36.045      0.89582          nan            0            0            0            0            0            0            0            0            0            0            0            0  
          0         -4.2            0            0    -0.051258     0.017384     0.017258   0.00012554            0     -0.06593            0     -0.06593   4.4092e-19   1.2253e-19   8.9544e-20   3.2987e-20      -2.9486     -0.66756            0      -5.4885       1.8614     -0.38856            0      -5.4747            0            0            0            0            0            0       17.804            0         18.8      -18.734   9.4687e-17      -1.8729   1.9357e-17          nan          nan          nan      -1.2496            0       34.994      0.88367          nan            0            0            0            0            0            0            0            0            0            0            0            0  
          0           -4            0            0    -0.035825     0.016868     0.016805   6.2848e-05            0    -0.069359            0    -0.069359   2.8389e-19   1.6711e-19   1.4702e-19   2.0081e-20      -2.1239       -0.402            0      -3.8359       1.8061     -0.26087            0      -3.8271            0            0            0            0            0            0       17.009            0         18.8      -25.213   6.0948e-17      -1.9703   3.1611e-17          nan          nan          nan     -0.87275            0       33.954      0.86224          nan            0            0            0            0            0            0            0            0            0            0            0            0  
          0         -3.8            0            0    -0.020336     0.016374     0.016353   2.1491e-05            0    -0.072812            0    -0.072812    2.324e-19   1.0027e-19   8.4517e-20   1.5751e-20      -1.2419      -0.1771            0      -2.1775       1.7533     -0.14201            0      -2.1728            0            0            0            0            0            0       14.643            0         18.8      -38.841   4.9883e-17      -2.0684   1.8206e-17          nan          nan          nan     -0.49559            0       32.962      0.81252          nan            0            0            0            0            0            0            0            0            0            0            0            0  
          0         -3.6            0            0   -0.0047534     0.015898     0.015897   1.6713e-06            0    -0.076287            0    -0.076287   1.2448e-19   9.7504e-20   8.9608e-20   7.8957e-21     -0.29899    -0.020614            0     -0.50897       1.7023     -0.03178            0     -0.50798            0            0            0            0            0            0       5.3855            0         18.8      -73.354    2.671e-17      -2.1671   1.9241e-17          nan          nan          nan     -0.11557            0       32.003      0.57084          nan            0            0            0            0            0            0            0            0            0            0            0            0  
          0         -3.4            0            0     0.011084      0.01545     0.015446   4.0868e-06            0    -0.079847            0    -0.079847  -1.1796e-19   8.2677e-20   8.9627e-20  -6.9505e-21       0.7174     0.075528       9.4985       1.1868       1.6543     0.070821            0       1.1847            0            0            0            0            0            0       10.959            0         18.8       54.344  -2.5304e-17      -2.2682    1.924e-17          nan          nan          nan      0.26989            0       31.101       1.2693          nan            0            0            0            0            0            0            0            0            0            0            0            0  
          0         -3.2            0            0     0.026741     0.015062     0.015034   2.8608e-05            0    -0.083365            0    -0.083365  -2.5204e-19   8.5969e-20   9.9794e-20  -1.3825e-20       1.7754      0.29032       6.1152       2.8633       1.6128      0.16289            0       2.8587            0            0            0            0            0            0        16.38            0         18.8       29.391  -5.4055e-17      -2.3681   2.1461e-17          nan          nan          nan      0.65146            0        30.32       1.0554          nan            0            0            0            0            0            0            0            0            0            0            0            0  
          0           -3            0            0     0.042711     0.014844     0.014768   7.6227e-05            0    -0.087035            0    -0.087035  -2.5376e-19   6.6183e-20   7.9512e-20  -1.3329e-20       2.8773      0.59465       4.8387       4.5732       1.5894      0.24749            0       4.5665            0            0            0            0            0            0       17.758            0         18.8       19.165  -5.4418e-17      -2.4724   1.7045e-17          nan          nan          nan       1.0393            0       29.881       1.0105          nan            0            0            0            0            0            0            0            0            0            0            0            0  
          0         -2.8            0            0     0.058708     0.014816     0.014668   0.00014755            0    -0.090757            0    -0.090757  -4.2646e-19   5.6646e-20   7.6142e-20  -1.9496e-20       3.9625      0.96009       4.1272       6.2861       1.5864      0.32285            0       6.2778            0            0            0            0            0            0       18.228            0         18.8       14.164  -9.1422e-17      -2.5781   1.6617e-17          nan          nan          nan       1.4287            0       29.825       0.9863          nan            0            0            0            0            0            0            0            0            0            0            0            0  
          0         -2.6            0            0     0.074759     0.014786     0.014544   0.00024199            0    -0.094464            0    -0.094464   5.7542e-20   9.0554e-20   8.8001e-20   2.5538e-21        5.056       1.3824       3.6574       8.0048       1.5832      0.38901            0       7.9954            0            0            0            0            0            0       18.443            0         18.8       11.188   1.2335e-17      -2.6834   1.8852e-17          nan          nan          nan       1.8198            0       29.765      0.97518          nan            0            0            0            0            0            0            0            0            0            0            0            0  
          0         -2.4            0            0     0.090222     0.014299     0.013943   0.00035591            0    -0.097953            0    -0.097953  -2.6744e-19    7.529e-20   8.6322e-20  -1.1031e-20       6.3099       1.8953       3.3292       9.6606        1.531      0.44262            0       9.6505            0            0            0            0            0            0       18.568            0         18.8       9.0055   -5.732e-17      -2.7826    1.854e-17          nan          nan          nan       2.1984            0       28.783      0.96572          nan            0            0            0            0            0            0            0            0            0            0            0            0  
          0         -2.2            0            0      0.10584     0.014011      0.01352   0.00049125            0     -0.10146            0     -0.10146  -5.7229e-19   8.4295e-20   1.0326e-19  -1.8967e-20       7.5541       2.4576       3.0738       11.333       1.5002       0.4876            0       11.322            0            0            0            0            0            0       18.637            0         18.8       7.5409  -1.2262e-16      -2.8823   2.2776e-17          nan          nan          nan       2.5784            0       28.204      0.96283          nan            0            0            0            0            0            0            0            0            0            0            0            0  
          0           -2            0            0      0.12172     0.013789     0.013138   0.00065145            0     -0.10499            0     -0.10499  -2.4382e-19   1.0394e-19   1.1174e-19  -7.8044e-21       8.8274       3.0798       2.8662       13.034       1.4765      0.52458            0       13.023            0            0            0            0            0            0       18.681            0         18.8       6.4631  -5.2241e-17      -2.9825   2.4096e-17          nan          nan          nan       2.9638            0       27.758      0.96034          nan            0            0            0            0            0            0            0            0            0            0            0            0  
          0         -1.8            0            0      0.13761       0.0137     0.012866   0.00083471            0     -0.10853            0     -0.10853   -9.821e-19   1.1728e-19   1.4731e-19  -3.0035e-20       10.044       3.7259       2.6957       14.734        1.467      0.55215            0       14.724            0            0            0            0            0            0       18.708            0         18.8       5.6857  -2.1041e-16      -3.0831    3.174e-17          nan          nan          nan       3.3505            0       27.579      0.95786          nan            0            0            0            0            0            0            0            0            0            0            0            0  
          0         -1.6            0            0      0.15332     0.013595     0.012555    0.0010403            0     -0.11204            0     -0.11204  -4.5402e-19   1.0764e-19   1.1346e-19  -5.8198e-21       11.278        4.416       2.5538       16.417       1.4557      0.56975            0       16.408            0            0            0            0            0            0       18.727            0         18.8       5.0671  -9.7226e-17      -3.1826   2.5776e-17          nan          nan          nan       3.7335            0       27.367      0.95412          nan            0            0            0            0            0            0            0            0            0            0            0            0  
          0         -1.4            0            0      0.16895     0.013514     0.012249     0.001265            0     -0.11552            0     -0.11552  -7.2475e-19    6.633e-20   8.8065e-20  -2.1735e-20       12.502       5.1388       2.4328       18.091        1.447      0.57741            0       18.082            0            0            0            0            0            0        18.74            0         18.8       4.5732  -1.5527e-16      -3.2815   1.8004e-17          nan          nan          nan       4.1159            0       27.204      0.95278          nan            0            0            0            0            0            0            0            0            0            0            0            0  
          0         -1.2            0            0       0.1845     0.013473     0.011961    0.0015127            0     -0.11898            0     -0.11898  -5.6907e-19   5.7048e-20   6.9441e-20  -1.2394e-20       13.694        5.882       2.3281       19.756       1.4427      0.57567            0       19.748            0            0            0            0            0            0        18.75            0         18.8       4.1766   -1.219e-16      -3.3799   1.4773e-17          nan          nan          nan       4.4946            0       27.122      0.95019          nan            0            0            0            0            0            0            0            0            0            0            0            0  
          0           -1            0            0      0.20032     0.013481     0.011698    0.0017832            0     -0.12254            0     -0.12254  -1.1046e-18   5.9316e-20   6.6059e-20  -6.7422e-21       14.859       6.6505       2.2343       21.449       1.4435      0.56525            0       21.443            0            0            0            0            0            0       18.758            0         18.8       3.8502  -2.3654e-16       -3.481   1.6833e-17          nan          nan          nan       4.8789            0       27.138      0.95021          nan            0            0            0            0            0            0            0            0            0            0            0            0  
          0         -0.8            0            0      0.21614     0.013553     0.011476    0.0020776            0     -0.12613            0     -0.12613  -1.0028e-18   6.9197e-20   8.1307e-20   -1.211e-20       15.947       7.4139        2.151       23.143       1.4512      0.54556            0       23.137            0            0            0            0            0            0       18.763            0         18.8       3.5882  -2.1477e-16      -3.5829   1.7819e-17          nan          nan          nan       5.2631            0       27.283      0.94942          nan            0            0            0            0            0            0            0            0            0            0            0            0  
          0         -0.6            0            0      0.23225     0.013684     0.011285    0.0023994            0     -0.12982            0     -0.12982  -1.4231e-18   5.3299e-20   5.5901e-20  -2.6023e-21       16.972       8.1794        2.075       24.869       1.4653      0.51732            0       24.865            0            0            0            0            0            0       18.767            0         18.8        3.372  -3.0474e-16      -3.6878   1.4606e-17          nan          nan          nan       5.6531            0       27.547      0.94925          nan            0            0            0            0            0            0            0            0            0            0            0            0  
          0         -0.4            0            0       0.2463     0.013456     0.010739    0.0027167            0     -0.13277            0     -0.13277  -1.8982e-19   8.5985e-20   7.4537e-20   1.1448e-20       18.304       9.0841        2.015       26.372       1.4408        0.475            0       26.369            0            0            0            0            0            0       18.772            0         18.8       3.1271  -4.0632e-17      -3.7716   1.8698e-17          nan          nan          nan       6.0156            0       27.086      0.94281          nan            0            0            0            0            0            0            0            0            0            0            0            0  
          0         -0.2            0            0      0.25717     0.012907    0.0099087     0.002998            0     -0.13429            0     -0.13429  -1.6127e-18   9.1161e-20   1.0673e-19  -1.5564e-20       19.925       10.105       1.9719       27.536        1.382      0.41712            0       27.535            0            0            0            0            0            0       18.776            0         18.8       2.8731  -3.4537e-16      -3.8147   2.0728e-17          nan          nan          nan       6.3137            0       25.981      0.93148          nan            0            0            0            0            0            0            0            0            0            0            0            0  
          0   7.4506e-08            0            0      0.27097      0.01257    0.0092378    0.0033324            0     -0.13677            0     -0.13677  -1.3417e-18   1.7879e-19   1.6602e-19   1.2773e-20       21.557       11.222        1.921       29.015        1.346      0.35682            0       29.015            0            0            0            0            0            0        18.78            0         18.8        2.656  -2.8732e-16      -3.8851   3.8288e-17          nan          nan          nan       6.6306            0       25.304      0.93038          nan            0            0            0            0            0            0            0            0            0            0            0            0  
          0          0.2            0            0      0.29904     0.012805    0.0088289    0.0039757            0     -0.14617            0     -0.14617  -8.8076e-19   1.3464e-20  -3.2187e-20   4.5651e-20       23.354       12.771       1.8287       32.019       1.3711      0.31393            0       32.021            0            0            0            0            0            0       18.783            0         18.8       2.4519  -1.8865e-16      -4.1521   2.2249e-18          nan          nan          nan        7.198            0       25.776      0.94971          nan            0            0            0            0            0            0            0            0            0            0            0            0  
          0          0.4            0            0      0.32813     0.013297    0.0085646     0.004732            0     -0.15637            0     -0.15637  -1.4905e-18   1.1188e-19   6.2679e-20   4.9199e-20       24.677       14.136       1.7457       35.134       1.4237      0.26139            0       35.137            0            0            0            0            0            0       18.785            0         18.8       2.3205  -3.1925e-16      -4.4421    2.173e-17          nan          nan          nan       7.8372            0       26.766       0.9607          nan            0            0            0            0            0            0            0            0            0            0            0            0  
          0          0.6            0            0      0.35939     0.014077    0.0084568    0.0056205            0     -0.16771            0     -0.16771  -1.0981e-18  -6.4012e-20  -3.3879e-20  -3.0133e-20        25.53       15.305       1.6681       38.482       1.5073      0.19881            0       38.486            0            0            0            0            0            0       18.786            0         18.8       2.2431  -2.3508e-16      -4.7641  -1.6171e-17          nan          nan          nan       8.5374            0       28.338      0.97033          nan            0            0            0            0            0            0            0            0            0            0            0            0  
          0          0.8            0            0      0.38429     0.014742    0.0083178    0.0064238            0     -0.17607            0     -0.17607  -9.0711e-19   2.3734e-19     1.66e-19   7.1333e-20       26.068        16.16       1.6131       41.147       1.5785      0.11325            0       41.153            0            0            0            0            0            0       18.786            0         18.8       2.1968  -1.9445e-16      -5.0015   4.8115e-17          nan          nan          nan        9.154            0       29.675      0.97068          nan            0            0            0            0            0            0            0            0            0            0            0            0  
          0            1            0            0      0.40321     0.015313    0.0082232    0.0070894            0     -0.18134            0     -0.18134  -3.3855e-18   3.0501e-19   1.2195e-19   1.8306e-19       26.332        16.72       1.5748       43.174       1.6396    0.0054961            0        43.18            0            0            0            0            0            0       18.786            0         18.8       2.1749  -7.2557e-16      -5.1514   5.2663e-17          nan          nan          nan       9.6409            0       30.824       0.9683          nan            0            0            0            0            0            0            0            0            0            0            0            0  
          0          1.2            0            0      0.42148     0.015991     0.008209    0.0077818            0     -0.18639            0     -0.18639  -3.1304e-18  -4.2774e-22  -4.2342e-20   4.1915e-20       26.358       17.112       1.5403        45.13       1.7122     -0.11208            0       45.138            0            0            0            0            0            0       18.786            0         18.8       2.1727  -6.7042e-16      -5.2947  -1.4135e-17          nan          nan          nan       10.123            0        32.19       0.9639          nan            0            0            0            0            0            0            0            0            0            0            0            0  
          0          1.4            0            0      0.43898      0.01669    0.0082116    0.0084785            0     -0.19103            0     -0.19103   -3.887e-18   1.4331e-19  -8.4678e-21   1.5178e-19       26.302       17.427       1.5093       47.004       1.7871     -0.24085            0       47.012            0            0            0            0            0            0       18.786            0         18.8       2.1773  -8.3295e-16      -5.4267   1.0343e-17          nan          nan          nan       10.581            0       33.597       0.9597          nan            0            0            0            0            0            0            0            0            0            0            0            0  
          0          1.6            0            0      0.45552     0.017378    0.0082218    0.0091566            0     -0.19517            0     -0.19517  -2.6821e-18   6.5557e-20  -1.6934e-20   8.2491e-20       26.212       17.691       1.4817       48.775       1.8608     -0.38181            0       48.783            0            0            0            0            0            0       18.786            0         18.8       2.1848  -5.7465e-16      -5.5441  -2.0069e-18          nan          nan          nan       11.007            0       34.983      0.95683          nan            0            0            0            0            0            0            0            0            0            0            0            0  
          0          1.8            0            0      0.47161     0.018092    0.0082417    0.0098503            0     -0.19909            0     -0.19909  -1.9756e-18   1.5883e-19   3.0478e-20   1.2835e-19       26.067       17.902       1.4562       50.498       1.9372     -0.53198            0       50.506            0            0            0            0            0            0       18.786            0         18.8       2.1969  -4.2373e-16      -5.6555   2.0713e-17          nan          nan          nan        11.42            0       36.419      0.95341          nan            0            0            0            0            0            0            0            0            0            0            0            0  
          0            2            0            0      0.48701     0.018741    0.0082131     0.010528            0     -0.20263            0     -0.20263  -4.2729e-18   9.1221e-19   5.6039e-19   3.5181e-19       25.986       18.134        1.433       52.146       2.0067     -0.69324            0       52.154            0            0            0            0            0            0       18.786            0         18.8       2.2038  -9.1712e-16      -5.7562   1.6344e-16          nan          nan          nan       11.807            0       37.727      0.95119          nan            0            0            0            0            0            0            0            0            0            0            0            0  
          0          2.2            0            0      0.50214     0.019404    0.0082004     0.011203            0     -0.20599            0     -0.20599  -3.8389e-18   5.4486e-19   2.0991e-19   3.3495e-19       25.878       18.338       1.4112       53.767       2.0777     -0.86527            0       53.773            0            0            0            0            0            0       18.786            0         18.8       2.2129  -8.2425e-16      -5.8515   8.5103e-17          nan          nan          nan       12.181            0        39.06       0.9503          nan            0            0            0            0            0            0            0            0            0            0            0            0  
          0          2.4            0            0       0.5173     0.020101    0.0082029     0.011898            0     -0.20933            0     -0.20933  -2.2782e-18   5.8054e-20   4.4007e-20   1.4046e-20       25.735        18.51       1.3904       55.389       2.1523      -1.0466            0       55.394            0            0            0            0            0            0       18.786            0         18.8       2.2252  -4.8758e-16      -5.9464  -7.9927e-18          nan          nan          nan       12.556            0       40.463      0.94965          nan            0            0            0            0            0            0            0            0            0            0            0            0  
          0          2.6            0            0      0.53285     0.020897    0.0082399     0.012657            0     -0.21297            0     -0.21297  -1.2752e-18   1.2926e-20   1.1846e-20   1.0794e-21       25.499       18.613       1.3699       57.055       2.2376      -1.2343            0       57.058            0            0            0            0            0            0       18.786            0         18.8       2.2459  -2.7281e-16        -6.05  -9.6175e-18          nan          nan          nan       12.948            0       42.066      0.94717          nan            0            0            0            0            0            0            0            0            0            0            0            0  
          0          2.8            0            0      0.54833     0.021704    0.0082759     0.013428            0     -0.21657            0     -0.21657  -2.0358e-18   4.0445e-20   5.0761e-20  -1.0316e-20       25.264       18.708       1.3505       58.712       2.3239       -1.432            0       58.712            0            0            0            0            0            0       18.785            0         18.8       2.2667  -4.3534e-16       -6.152   -1.262e-17          nan          nan          nan       13.337            0       43.689      0.94544          nan            0            0            0            0            0            0            0            0            0            0            0            0  
          0            3            0            0      0.56365     0.022529    0.0083211     0.014208            0     -0.22005            0     -0.22005  -3.2984e-18   2.7045e-19   2.3684e-20   2.4676e-19       25.019       18.783        1.332       60.353       2.4123      -1.6394            0        60.35            0            0            0            0            0            0       18.785            0         18.8       2.2889  -7.0815e-16      -6.2511   2.0883e-17          nan          nan          nan       13.718            0       45.352      0.94415          nan            0            0            0            0            0            0            0            0            0            0            0            0  
          0          3.2            0            0      0.57871     0.023358    0.0083658     0.014992            0      -0.2234            0      -0.2234  -3.2414e-18   2.7423e-19  -1.6914e-20   2.9115e-19       24.776       18.848       1.3145       61.965       2.5011      -1.8562            0       61.958            0            0            0            0            0            0       18.785            0         18.8       2.3113  -6.9655e-16      -6.3461   1.9876e-17          nan          nan          nan       14.089            0        47.02      0.94322          nan            0            0            0            0            0            0            0            0            0            0            0            0  
          0          3.4            0            0      0.59382     0.024218    0.0084207     0.015798            0     -0.22676            0     -0.22676    5.793e-20   9.4831e-20   3.3822e-20    6.101e-20       24.519       18.894       1.2977       63.583       2.5932      -2.0823            0       63.571            0            0            0            0            0            0       18.784            0         18.8       2.3355   1.1609e-17      -6.4416   2.1034e-17          nan          nan          nan        14.46            0       48.752      0.94248          nan            0            0            0            0            0            0            0            0            0            0            0            0  
          0          3.6            0            0       0.6088     0.025094    0.0084738      0.01662            0     -0.23007            0     -0.23007  -2.1934e-18   1.5777e-19   5.5794e-20   1.0197e-19       24.261        18.93       1.2816       65.188       2.6869      -2.3171            0       65.171            0            0            0            0            0            0       18.784            0         18.8       2.3603  -4.7017e-16      -6.5355   4.2724e-18          nan          nan          nan        14.83            0       50.514      0.94163          nan            0            0            0            0            0            0            0            0            0            0            0            0  
          0          3.8            0            0      0.62351     0.025974    0.0085252     0.017449            0      -0.2332            0      -0.2332  -9.7451e-19   2.9478e-20  -2.1974e-20   5.1452e-20       24.005       18.955       1.2664       66.762       2.7812      -2.5604            0       66.739            0            0            0            0            0            0       18.784            0         18.8       2.3854  -2.0896e-16      -6.6246  -7.5528e-18          nan          nan          nan       15.197            0       52.286      0.94075          nan            0            0            0            0            0            0            0            0            0            0            0            0  
          0            4            0            0      0.63782     0.026867    0.0085785     0.018289            0     -0.23616            0     -0.23616   1.0853e-18  -1.7705e-20   5.0698e-21  -2.2775e-20        23.74       18.959       1.2521       68.294       2.8768      -2.8105            0       68.265            0            0            0            0            0            0       18.783            0         18.8       2.4121   2.3218e-16      -6.7086   1.2435e-17          nan          nan          nan       15.557            0       54.084      0.93922          nan            0            0            0            0            0            0            0            0            0            0            0            0  
          0          4.2            0            0      0.65195     0.027776    0.0086462      0.01913            0     -0.23901            0     -0.23901  -3.9701e-18   4.0001e-19   5.9133e-20   3.4088e-19       23.471       18.951       1.2385       69.807       2.9742      -3.0697            0        69.77            0            0            0            0            0            0       18.783            0         18.8       2.4396  -8.5327e-16      -6.7894   2.3234e-17          nan          nan          nan       15.912            0       55.914      0.93812          nan            0            0            0            0            0            0            0            0            0            0            0            0  
          0          4.4            0            0      0.66604     0.028716    0.0087253     0.019991            0     -0.24186            0     -0.24186  -2.6554e-18   1.3518e-19   2.1958e-20   1.1323e-19       23.194       18.929       1.2253       71.316       3.0748      -3.3371            0        71.27            0            0            0            0            0            0       18.783            0         18.8       2.4688  -5.6885e-16      -6.8705  -1.4735e-17          nan          nan          nan       16.265            0       57.806      0.93697          nan            0            0            0            0            0            0            0            0            0            0            0            0  
          0          4.6            0            0      0.68037     0.029691    0.0088121     0.020879            0     -0.24485            0     -0.24485  -5.6728e-18   4.9483e-19   2.7018e-20   4.6781e-19       22.915       18.901       1.2124        72.85       3.1792      -3.6141            0       72.795            0            0            0            0            0            0       18.782            0         18.8       2.4988   -1.219e-15      -6.9554   8.2359e-18          nan          nan          nan        16.62            0       59.769      0.93612          nan            0            0            0            0            0            0            0            0            0            0            0            0  
          0          4.8            0            0      0.69475     0.030696    0.0089028     0.021793            0     -0.24788            0     -0.24788   -3.925e-18   2.7263e-19   4.5579e-20   2.2705e-19       22.633       18.865       1.1997        74.39       3.2868      -3.8995            0       74.325            0            0            0            0            0            0       18.782            0         18.8       2.5298  -8.4166e-16      -7.0415  -1.2087e-17          nan          nan          nan       16.975            0       61.791      0.93517          nan            0            0            0            0            0            0            0            0            0            0            0            0  
          0            5            0            0      0.70916     0.031718    0.0089979      0.02272            0     -0.25091            0     -0.25091  -4.7863e-18   3.4234e-19   3.3752e-21   3.3896e-19       22.358       18.828       1.1875       75.933       3.3962      -4.1945            0       75.856            0            0            0            0            0            0       18.781            0         18.8       2.5609  -1.0274e-15      -7.1276  -1.6294e-17          nan          nan          nan       17.329            0       63.849       0.9346          nan            0            0            0            0            0            0            0            0            0            0            0            0  
          0          5.2            0            0      0.72351     0.032766    0.0091038     0.023662            0     -0.25392            0     -0.25392   -2.334e-18   4.0576e-19   3.3742e-20   3.7202e-19       22.081       18.782       1.1756        77.47       3.5084      -4.4981            0       77.381            0            0            0            0            0            0       18.781            0         18.8        2.593    -5.05e-16      -7.2131   4.1295e-17          nan          nan          nan       17.683            0       65.958       0.9341          nan            0            0            0            0            0            0            0            0            0            0            0            0  
          0          5.4            0            0      0.73773     0.033821    0.0092181     0.024603            0     -0.25684            0     -0.25684   -3.094e-18   3.6263e-19  -2.8671e-20   3.9131e-19       21.813       18.735       1.1643       78.992       3.6214      -4.8112            0        78.89            0            0            0            0            0            0        18.78            0         18.8       2.6249  -6.6752e-16      -7.2961   1.4905e-17          nan          nan          nan       18.032            0       68.082      0.93404          nan            0            0            0            0            0            0            0            0            0            0            0            0  
          0          5.6            0            0      0.75186     0.034905    0.0093416     0.025564            0     -0.25974            0     -0.25974  -4.6583e-18   5.3578e-19  -8.4299e-21   5.4421e-19        21.54       18.677       1.1533       80.505       3.7375      -5.1317            0       80.388            0            0            0            0            0            0        18.78            0         18.8       2.6581  -1.0042e-15      -7.3784   1.6827e-17          nan          nan          nan       18.381            0       70.265      0.93368          nan            0            0            0            0            0            0            0            0            0            0            0            0  
          0          5.8            0            0      0.76564     0.036014    0.0094838      0.02653            0      -0.2625            0      -0.2625  -7.8455e-18    1.121e-18   3.8764e-20   1.0822e-18        21.26       18.602       1.1428       81.981       3.8562      -5.4585            0       81.848            0            0            0            0            0            0       18.779            0         18.8       2.6931  -1.6949e-15      -7.4567   6.9129e-17          nan          nan          nan       18.723            0       72.497      0.93297          nan            0            0            0            0            0            0            0            0            0            0            0            0  
          0            6            0            0      0.77912     0.037146    0.0096529     0.027493            0     -0.26511            0     -0.26511  -4.6869e-18   8.3112e-19   4.5489e-20   7.8563e-19       20.975       18.514       1.1329       83.424       3.9774      -5.7926            0       83.275            0            0            0            0            0            0       18.779            0         18.8       2.7296  -1.0158e-15      -7.5309   7.2201e-17          nan          nan          nan        19.06            0       74.774      0.93229          nan            0            0            0            0            0            0            0            0            0            0            0            0  
          0          6.2            0            0      0.79208      0.03831     0.009864     0.028446            0      -0.2675            0      -0.2675  -6.7485e-18   9.2618e-19   5.2209e-20   8.7397e-19       20.676       18.401       1.1236       84.812        4.102      -6.1316            0       84.645            0            0            0            0            0            0       18.778            0         18.8        2.769  -1.4569e-15      -7.5989   4.1234e-17          nan          nan          nan        19.39            0       77.118      0.93128          nan            0            0            0            0            0            0            0            0            0            0            0            0  
          0          6.4            0            0      0.80436     0.039499     0.010126     0.029372            0      -0.2696            0      -0.2696  -3.7604e-18   1.3937e-18     6.33e-19   7.6074e-19       20.364       18.264        1.115       86.126       4.2294       -6.475            0        85.94            0            0            0            0            0            0       18.777            0         18.8       2.8113  -8.1844e-16      -7.6585   2.0854e-16          nan          nan          nan       19.709            0       79.512      0.93007          nan            0            0            0            0            0            0            0            0            0            0            0            0  
          0          6.6            0            0       0.8151     0.040733     0.010489     0.030243            0     -0.27107            0     -0.27107  -3.9676e-18   9.0932e-19   2.9786e-19   6.1146e-19       20.011       18.067       1.1076       87.277       4.3615      -6.8145            0       87.071            0            0            0            0            0            0       18.777            0         18.8       2.8608  -8.5907e-16      -7.7003   9.6631e-17          nan          nan          nan       20.004            0       81.995      0.92758          nan            0            0            0            0            0            0            0            0            0            0            0            0  
          0          6.8            0            0      0.82525     0.042025     0.010946      0.03108            0      -0.2723            0      -0.2723  -4.4876e-18   1.1343e-18   3.0952e-19   8.2477e-19       19.637       17.839       1.1008       88.363       4.4999      -7.1581            0       88.136            0            0            0            0            0            0       18.776            0         18.8       2.9152  -9.7516e-16      -7.7353   1.2835e-16          nan          nan          nan       20.287            0       84.598      0.92523          nan            0            0            0            0            0            0            0            0            0            0            0            0  
          0            7            0            0      0.83442     0.043373     0.011497     0.031876            0     -0.27313            0     -0.27313  -2.4749e-18    1.019e-18   2.6903e-19      7.5e-19       19.238       17.573       1.0947       89.345       4.6442      -7.5008            0       89.095            0            0            0            0            0            0       18.775            0         18.8       2.9756  -5.4563e-16      -7.7588   1.5287e-16          nan          nan          nan        20.55            0        87.31      0.92227          nan            0            0            0            0            0            0            0            0            0            0            0            0  
          0          7.2            0            0      0.84132     0.044814     0.012245     0.032568            0     -0.27301            0     -0.27301  -5.4469e-18   1.2656e-18   2.6471e-19   1.0009e-18       18.774        17.22       1.0902       90.084       4.7984      -7.8307            0       89.811            0            0            0            0            0            0       18.773            0         18.8       3.0491  -1.1841e-15      -7.7553    1.236e-16          nan          nan          nan       20.782            0       90.211      0.91766          nan            0            0            0            0            0            0            0            0            0            0            0            0  
          0          9.2            0            0      0.95039     0.058221     0.016226     0.041995            0     -0.28851            0     -0.28851  -2.4839e-18   9.6999e-19   3.0937e-20   9.3905e-19       16.324       15.914       1.0258       101.76        6.234      -11.831            0       101.17            0            0            0            0            0            0       18.765            0         18.8       3.5056  -5.5724e-16      -8.1958   1.2018e-16          nan          nan          nan       23.484            0        117.2      0.90816          nan            0            0            0            0            0            0            0            0            0            0            0            0  
          0          9.6            0            0      0.96913     0.060851      0.01707     0.043781            0     -0.29022            0     -0.29022  -1.7285e-18   4.5887e-19   -4.844e-20   5.0731e-19       15.926       15.679       1.0158       103.77       6.5156      -12.683            0        103.1            0            0            0            0            0            0       18.763            0         18.8       3.5928   -3.831e-16      -8.2443   3.4865e-17          nan          nan          nan       23.987            0       122.49      0.90581          nan            0            0            0            0            0            0            0            0            0            0            0            0  
          0           10            0            0      0.98454     0.063493     0.018139     0.045354            0     -0.29063            0     -0.29063  -1.2984e-18   3.6425e-19   2.3523e-19   1.2902e-19       15.506       15.386       1.0078       105.42       6.7985      -13.523            0       104.66            0            0            0            0            0            0       18.761            0         18.8       3.6899  -2.7862e-16      -8.2559    3.008e-17          nan          nan          nan        24.42            0       127.81      0.90242          nan            0            0            0            0            0            0            0            0            0            0            0            0  
          0         10.2            0            0      0.99215     0.064762     0.018702      0.04606            0     -0.29079            0     -0.29079  -1.2874e-18   1.9818e-19   3.1262e-19  -1.1443e-19        15.32        15.26       1.0039       106.23       6.9344      -13.959            0       105.43            0            0            0            0            0            0        18.76            0         18.8       3.7346  -2.6701e-16      -8.2605  -4.9201e-18          nan          nan          nan       24.651            0       130.37      0.90238          nan            0            0            0            0            0            0            0            0            0            0            0            0  
          0         10.4            0            0      0.99879     0.066132     0.019315     0.046817            0     -0.29073            0     -0.29073   -2.882e-18   7.8182e-19   2.6826e-19   5.1355e-19       15.103       15.094       1.0006       106.95       7.0811      -14.375            0       106.09            0            0            0            0            0            0       18.759            0         18.8       3.7882  -6.2689e-16      -8.2588   5.5166e-17          nan          nan          nan       24.858            0       133.12       0.8997          nan            0            0            0            0            0            0            0            0            0            0            0            0  
          0         10.6            0            0       1.0048     0.067545      0.01999     0.047555            0     -0.29052            0     -0.29052  -6.1177e-18   1.0877e-18    1.815e-19   9.0617e-19       14.877       14.913      0.99759       107.59       7.2323      -14.787            0       106.69            0            0            0            0            0            0       18.758            0         18.8       3.8456  -1.3234e-15      -8.2529  -1.0706e-17          nan          nan          nan       25.051            0       135.97      0.89652          nan            0            0            0            0            0            0            0            0            0            0            0            0  
          0         10.8            0            0       1.0106     0.068992     0.020722     0.048269            0     -0.29026            0     -0.29026  -3.9582e-18   6.5683e-19   2.8705e-19   3.6978e-19       14.648       14.725      0.99475       108.21       7.3873      -15.199            0       107.26            0            0            0            0            0            0       18.756            0         18.8       3.9055  -8.4746e-16      -8.2453  -1.8466e-17          nan          nan          nan       25.236            0       138.88      0.89337          nan            0            0            0            0            0            0            0            0            0            0            0            0  
          0           11            0            0        1.016     0.070477     0.021519     0.048959            0     -0.28993            0     -0.28993  -2.0192e-18   6.5736e-19   2.4944e-19   4.0792e-19       14.416       14.531      0.99208       108.79       7.5463      -15.612            0       107.79            0            0            0            0            0            0       18.755            0         18.8        3.968  -4.4115e-16      -8.2361   5.7659e-17          nan          nan          nan       25.408            0       141.87       0.8903          nan            0            0            0            0            0            0            0            0            0            0            0            0  
          0         11.2            0            0       1.0215     0.072013     0.022379     0.049634            0     -0.28964            0     -0.28964  -6.4521e-18   1.3744e-18   1.8945e-19    1.185e-18       14.185       14.336      0.98943       109.37       7.7108      -16.031            0       108.32            0            0            0            0            0            0       18.753            0         18.8       4.0326  -1.4047e-15      -8.2279   2.1906e-17          nan          nan          nan       25.573            0       144.96      0.88763          nan            0            0            0            0            0            0            0            0            0            0            0            0  
          0         11.4            0            0       1.0271     0.073606     0.023265     0.050341            0     -0.28949            0     -0.28949  -2.3216e-18  -2.7188e-19   2.7152e-19   -5.434e-19       13.954       14.142      0.98671       109.98       7.8814      -16.454            0       108.88            0            0            0            0            0            0       18.752            0         18.8       4.0989  -4.6436e-16      -8.2236  -1.5303e-16          nan          nan          nan       25.735            0       148.17      0.88488          nan            0            0            0            0            0            0            0            0            0            0            0            0  
